57
45
37
56
60
91
82
61
7
16
68
87
3
55
42
82
42
90
59
9
43
45
25
42
61
71
8
45
75
62
7
21
80
22
79
13
37
9
28
16
23
28
91
80
1
68
95
69
36
28
41
64
62
91
62
100
99
51
53
96
3
50
7
95
29
58
82
80
65
7
8
23
14
100
99
54
97
69
12
58
63
67
54
69
61
37
87
83
3
98
47
64
88
74
76
30
6
42
23
99
28
66
94
72
53
91
10
79
38
29
20
7
71
2
26
93
38
52
50
92
1
81
31
61
13
74
66
24
39
29
11
23
82
41
2
51
31
21
43
54
80
49
57
11
62
3
59
70
25
38
43
3
35
91
79
55
48
46
33
10
88
36
85
6
42
76
29
63
73
24
66
73
89
2
3
95
81
23
6
0
34
60
85
20
70
13
91
45
69
5
85
59
6
22
65
22
9
44
45
31
48
49
9
44
64
33
52
52
10
48
82
99
88
71
80
87
1
35
36
54
62
72
93
77
94
45
53
53
24
11
20
58
71
22
98
53
79
50
1
50
58
17
95
85
3
80
36
29
40
67
79
70
51
31
69
79
4
45
55
11
49
62
72
98
25
94
35
75
86
25
29
14
17
77
1
70
6
21
51
87
10
66
58
79
90
35
97
29
8
58
66
53
19
11
18
93
87
69
91
32
87
9
8
2
8
86
2
25
61
69
79
75
42
44
88
24
74
64
71
28
88
15
22
85
30
34
79
48
25
98
72
11
60
20
3
44
4
69
65
86
4
31
47
90
59
80
51
74
45
28
13
14
80
11
73
94
73
56
71
45
82
29
77
48
41
60
83
97
93
93
84
35
90
5
4
76
8
74
73
3
96
16
53
5
29
82
38
91
13
36
12
87
32
88
60
45
66
48
82
47
57
20
17
21
68
63
85
97
30
78
84
11
63
72
88
37
53
95
60
51
70
30
90
47
61
1
36
69
68
92
67
66
54
5
28
11
27
49
91
4
32
38
42
65
86
2
4
47
40
27
79
10
58
28
37
1
18
4
71
20
10
57
99
18
83
5
24
39
30
39
58
97
23
44
6
93
17
23
14
35
72
39
17
26
12
73
1
95
50
77
29
22
61
36
77
45
51
51
89
46
19
18
85
23
19
46
78
35
74
78
16
35
49
26
86
94
86
69
9
47
23
12
89
80
98
6
27
8
94
60
10
44
72
46
91
100
75
11
24
15
8
84
35
91
98
3
14
89
75
75
49
60
77
31
76
76
98
6
93
37
48
63
37
18
97
87
42
15
43
69
65
87
24
91
58
0
13
97
33
74
67
100
5
44
68
100
52
24
88
68
26
83
30
64
26
31
38
70
12
43
90
90
14
40
68
7
22
0
25
64
7
84
87
69
41
91
96
28
96
59
76
83
78
21
57
26
46
82
3
9
92
61
45
74
94
96
76
30
47
56
62
46
59
22
80
24
12
63
49
10
61
21
7
58
43
6
28
52
60
47
64
78
15
87
91
21
4
60
41
98
65
52
29
1
23
41
20
12
95
53
86
15
28
55
36
29
62
51
9
4
79
80
74
18
100
82
14
84
68
96
68
65
73
65
87
57
45
0
22
25
4
6
24
99
30
3
20
31
12
30
47
74
34
1
8
54
25
75
36
61
62
73
56
2
43
51
89
24
7
93
20
49
79
38
28
83
46
43
67
40
5
30
75
87
67
56
76
16
82
26
96
23
18
77
53
21
91
33
84
69
12
95
72
28
77
49
59
89
77
62
0
46
29
11
27
83
14
14
45
97
62
72
33
84
100
9
55
94
68
37
8
50
20
71
98
62
94
57
45
50
31
97
55
15
30
84
34
17
71
63
12
26
43
88
54
3
6
16
24
96
12
47
38
3
56
48
78
25
18
5
25
8
56
22
26
90
49
72
25
12
27
43
39
59
100
69
81
52
59
14
21
76
79
64
77
37
50
81
36
69
26
19
77
84
99
64
46
33
2
48
53
71
42
27
13
61
89
10
52
54
34
14
64
85
57
36
61
58
38
9
31
26
87
88
45
13
73
57
60
29
33
45
68
41
88
31
94
11
66
54
8
87
50
90
79
0
65
2
32
25
7
44
5
60
73
76
90
37
56
78
36
44
55
69
89
9
4
58
83
25
19
3
31
81
86
70
54
0
100
17
43
77
74
12
80
84
43
26
64
98
32
98
1
16
0
74
32
25
71
30
98
90
12
52
15
81
2
5
70
3
6
24
30
35
92
61
33
15
82
82
